2014254514
1803831703
5763197274
5652018762
2659356083
5228725834
1985698157
7579562933
1664416505
7006227546
5179968219
5476356227
2392402125
2161636263
3168382560
2133807570
1658958533
6372873842
5493603995
5512691168
7331391545
2867617412
2107177911
2796439980
2183473425
1987892803
2659261621
5982036732
7319123967
3840073509
6464114555
6516814540
7502984353
7200310999
7404136470
6123094309
1341360034
5705491900
3008681360
3905458630
1687422352
7589724873
2040923665
7575268222
7479046165
7500987621
6355767458
7339405441
6237011372
3843333331
5574668770
1899293080
6426321538
2360878517
7525773641
6505869401
7307075395
2845591125
7182860364
1244385214
1401122990
5703337023
5850614397
1265695842
1773223960
1650326734
2125209277
7552817501
6360961896
5243593409
2239029964
1280110097
2616336753
7651019485
7523469098
1851599157
1895352467
1647560707
5844391813
2566417991
7740562722
5994003317
1836827687
2085793793
1641561812
1926909715
1646051850
1988800805
1642088277
2216755173
2628458335
5293047788
2432996365
1638781994
1906114713
2320711045
1750070171
3941354960
5183309747
1642909335
2110705772
6186574130
6483576322
6534084254
2431328567
2389641745
3160508703
6042266415
1649520844
5937370449
2061675095
1702925432
6198462305
5709559214
2258727970
1646858370
2655326001
1796217437
1756667731
5738381859
5896993228
1644112857
2051050030
2392261910
6371852024
5189707911
3258068280
3960037780
1734960191
1802448181
2089358175
6728898397
6240852428
6633850757
5749860995
5762467906
6453988165
1638782947
3169191205
1710173801
6329048632
1642904381
2323006342
2882617115
2880590402
5816095842
6072961293
5574029246
2053061043
1230663070
2953031917
5086674951
6750408150
6190532921
5563089830
3910667401
1502844527
2415848337
5726009017
5976888486
1910961994
5208067255
1721030600
5903942716
6224077067
2156460914
6378485548
6020086612
2420767405
1856404484
1677969704
1956700750
1773525641
3217179555
2520536882
3641973700
1726406904
5463009082
3857117767
5743923782
5581785513
2828371532
1828855513
1755370981
1687445053
1693496950
1677892343
2803301701
6046360157
1668695260
5796731205
2636894740
6236537563
1972588625
1424710994
1678013442
1095240537
2328516855
1650528691
3604378011
5107945152
5344907213
5342220662
1752161437
6528178851
2196038737
2087764093
1904947977
3766659924
6357519188
1730306175
2260018447
2539857057
1779593415
5107667587
1768198384
5041811601
5044654888
3943149172
3933839796
5077999982
5370547595
1718699234
2883635350
2645654357
1926707297
2590506090
7010014450
7822817290
7523469098
7651019485
6629534259
2707274307
5018637328
1880982630
6807734795
6636000415
2974325495
1402977920
6861836076
7614671444
3037284894
3199021652
1726918143
1683472727
1784473157
3266943013
2606218210
3074181393
2292896411
2925965367
2546007131
1697601814
1410162304
1229641152
6436669966
2884530251
3229450293
1981653361
5044511176
2324832692
3164957712
7286955267
1893892941
5208067255
6691157148
6414888849
1675509012
6926329009
7688462735
3785800931
7332700198
2286908003
3296078013
6977819467
6625925904
3515639462
6979550718
6978983848
6543767145
7437932375
6354075422
6266803741
5885067771
6549896705
6343189555
3133923165
1775158187
6493846885
2053061043
2024623547
1699432410
2810373291
1642512402
3237439672
6967372072
5044281310
5762467906
7353186348
5878659096
7071338462
6978476930
6872076969
3260008454
6758281577
5531081928
6399815323
6147164852
7367986809
5307268456
6851512163
6128917469
2557129567
2493592183
5749860995
2315762592
1644971875
1638629382
6899155717
7018619499
3502993930
6488824740
5794562959
5896229383
6969972165
1460401487
5743923782
6932790397
3266910853
2489635061
7013969397
3109080617
6395301508
6602134565
1676317545
6142697398
5125557705
6153194138
6978469072
6991089305
5545142491
6008261853
2882617115
6551339780
5574737580
6480956601
5980037952
2597416352
2012581457
6559674353
5993630962
1757565333
6534845255
2727374743
6444671137
5658135233
6539310882
6014749173
5861206412
6458020992
6079188491
5149608258
6059162597
6004281123
6020086612
163music
1895327843
2184962325
5581785513
5467852665
6437672286
2533680517
1113218211
5963519921
2834889173
6011524609
1639498782
6368165930
2137950223
2557120465
2608994051
6135170166
3941354960
1774057271
2670112415
3390984170
5796731205
2093515947
6171408727
6003982956
6241305775
5675284905
5925069279
3222817584
1985698157
7579562933
1323527941
1499104401
1618051664
6020086612
1642909335
2803301701
1402977920
3057540037
2375086267
3037284894
1893892941
1653944045
1411163204
5000764997
2713131601
5703735355
1699540307
7377933773
7060281712
5342220662
6189120710
2258727970
2810373291
3937348351
3266943013
1663072851
3941354960
1699432410
1884488621
7005349222
3481278765
7464240685
7452068877
2807295185
5189707911
2089358175
5743923782
2715025067
7336594039
2286908003
6485617783
6685357186
2882617115
5762454887
3587960280
5186027114
2850809427
3960037780
2656274875
3766659924
3752852352
1059191810
5044281310
5476386628
5182575519
5361563575
1610362247
1647688972
1974576991
1675509012
1938330147
1642512402
1765896480
7450041147
6526319524
7827771738
7781776382
6185411552
1496878501
6469134085
1228580580
1225588971
1255496733
1616008071
6461772616
1836210192
1853734883
6605420945
6470919752
2637208077
7314297431
3245034234
7438412785
1744257311
1782440763
5333686728
5786930993
2698234375
6412579791
6416314651
5032972504
7078148067
1690922735
5506824777
1762257041
1722438217
6910831244
3084859935
2732343405
2629862957
1863614307
5209715622
2796627290
6517908922
1619807047
2816892483
1295048517
2054841600
1839590845
2089721401
6513210235
1642634100
1907518591
1841306841
5644764907
3224052672
1198213514
2893399571
1223465794
7579562933
5332036078
1762923331
1061713792
6869201914
6579688166
1596771247
1940663541
1032326380
6387460568
1765614622
6342535678
2210097120
6641392987
1634554994
1961295543
2803301701
1744111755
6216754397
6468970691
1658014061
2320711045
6543396571
1781312093
1644296264
1704336931
2674977220
1002394755
1002388435
1002155181
1002175493
1002263330
1002104435
1002304835
1001949870
1001834770
1002008150
1002012042
1001531524
1001598112
1001513937
1001759455
1001623890
1001559237
1001425055
1001478390
1001377684
1001389260
1001448324
1001445330
1001344372
1001357930
1001169361
1001301771
1001260713
1001318074
1001056705
1000981164
1001058395
1001056140
1001137557
1000918741
1000942914
1000901813
1000899400
1000810573
1000828854
1000869440
1000785414
1000766047
1000724860
1000770905
1000646824
1000432103
1000616094
1000486523
1000393712
1000314905
1000301261
1000407381
1000347570
1000298191
1000025477
1000149167
1000117663
1229465281
1218748463
1213112895
1217918271
1213400965
6237628068
6358869719
5034660992
1924881593
5851940104
1830140411
1765573570
7496017559
7272896445
5907171600
5078677948
2698995121
5878659096
3263330414
5611828017
1233628161
5523533122
2520165674
7558733910
6179847966
2672095372
1160746241
1154034914
1104370282
1048928727
7728270349
7478435763
7589724873
7545727096
7390544254
7518588601
7460565914
7377667017
7373390199
7339650254
7337509043
7337250118
7229858096
7165663707
7122634086
6986231911
6850136656
7107285778
6971505071
6880267437
6624782994
6607362985
1985698157
3109080617
5743923782
2715025067
1139098205
5859555080
5861115930
1401955215
2432996365
6489937288
7523469098
7651019485
1304194202
1744501133
3818859252
7371136008
1660235667
7583653770
2616380702
5321120406
6460793107
7107060187
7484778209
7289831032
7651420849
1708288824
1798539915
1897296450
1223179064
1262456801
3828809034
6106249012
1756322133
2098676483
5902696506
7191533806
5908064369
6177367279
6015189526
5781292544
6290114447
6620842908
3892698061
5623104361
3214371424
3193614693
5357651574
1197929090
2803301701
5641738761
5967345890
5186027114
1268075087
1878599031
2107123611
1215862823
3105148627
1800443420
1277127435
5762467906
1660574373
6793289964
1768198384
2735327001
2395754080
6386087847
6118375776
1736988591
5394206608
1761587065
3535450414
5386718819
2008915115
1659809154
1737350632
5136362277
6453988165
3044746573
6385923046
6391634608
2598520421
1762661765
1778031965
5634898602
2742115297
1102667861
2809775704
3771986261
1968758563
2882617115
2452933723
6346966579
3669102477
6077168898
3960037780
6510374585
2016713117
1256696777
3888303047
2139335344
6408414755
6434760509
1603281101
1808910334
1233614454
2006277991
6196440003
5743923782
2715025067
5174400490
3587960280
5643631703
2850809427
5581785513
2646681810
2303490360
1299419371
5878659096
2263913525
1214435497
1916659483
1739046981
1259110474
5762454887
1732853901
1916895347
3941354960
5182575519
1791252490
5574737580
2278945242
1993670563
1974861291
1774844352
1815158460
5796731205
1910066783
1678870364
3263330414
1518966617
7855319775
7734930472
2169345695
2138026662
3210591062
2684965613
7492006594
6500552862
6638138776
6069035148
2779894385
5347621882
7004087230
6510431807
1367323665
5523533122
1944976585
3110179847
2735327001
7825889553
1985698157
7579562933
5743923782
2715025067
1663072851
1686546714
3266943013
5044281310
7286955267
5889440099
2803301701
3941354960
7534458153
1638782947
7646767699
6020086612
1651428902
6329048632
2032556081
5394206608
5762454887
5182575519
1778758223
5060882318
3090442100
5259299541
6336710565
1831589237
1198392970
3587960280
2882617115
2769885021
1776845763
1669879400
1916655407
1549364094
1288739185
1854283601
1644492510
1682352065
1721396755
2080115155
1249868467
1711759320
1744825334
1755370981
1722656062
1384952882
1747514562
1223762662
1730336902
1656809190
1087770692
1704116960
1192515960
1722594714
1227368500
1645823934
2014878391
1649173367
1934183965
2016713117
7460249375
1642585887
1644023631
1622115061
1627897870
1210347234
1223178222
3615027564
1216826604
7493668674
3765252251
7469217408
7586968726
5170247444
1985698157
7579562933
5743923782
7317412726
1645823934
5756404150
1713031610
5136362277
7751678845
5044281310
6371007781
5358288324
1896820725
6886963517
5186027114
2882617115
5684644800
1895999605
3272140093
3700651674
3882968155
2213792435
3018720415
3169872677
3193364771
7140658452
7040103458
1649053901
7388013552
5608963160
5838204453
1878103370
2481592363
5337330746
5281155487
5261682225
5875649855
6912219886
7142720800
2440043271
5883677894
3132267563
7573575979
1917380631
1110278190
5834420506
2735327001
3884911201
5523130254
7280504049
2069258131
5017278175
5143376041
1786231123
5081710659
5600038458
7472341949
2140708123
5579819345
2173451705
6680168712
2646230815
5811352997
5574737580
3947238870
6611680616
6100551135
2306976425
5672824414
6213274285
2159407173
6202288890
1847087265
1981864390
3945880956
3424093800
3893704381
5021427151
5331620792
2950899853
7515490819
2911710217
6146932977
3528556254
3930952962
1837736814
1778542391
5974478697
5485187705
6212446213
5684358028
2061049233
7339210424
1777585041
1557358903
7408158691
5135890486
5422639370
5154863986
7495424544
2641226752
5557930989
2417506024
5140687711
7504373747
7502405453
1835986532
7479240929
6124840816
5516243441
7284323309
6380400646
1955764737
7471760286
2672711764
1843255121
3919698428
6975493179
2340990050
5047842460
2449668172
7543475101
6216729818
6610682881
5298111581
5116947682
1956145987
1772892312
2339529487
6330063006
3740551572
5282240302
7536016737
5763169026
1904846362
3305035180
7548831544
6829697422
6624059619
7458935862
5975297199
5645220468
7291260094
6527812562
7314690998
7551486424
2369466861
6069155839
7515725716
7396025127
5658265168
6856515970
6466567440
7429835867
2881463034
1715957311
5252471341
1801171201
5673564575
3319722140
2932412121
2953360302
6424594407
5789293734
5227763241
6473069862
7638393009
3941930496
6413107201
6140556504
3948119375
5655561029
1942253887
2576223320
1583400670
6616570150
7299422584
5369927213
5973303525
6467858830
3042477311
5082833484
1987016834
1862045553
2663118157
5183309747
5719831301
1771925961
1644023631
1896820725
1686546714
1989660417
2123664205
1742566624
3217742437
2173291530
1985698157
7579562933
3217179555
1618051664
1728679790
5574737580
5762454887
2455725293
1655321150
1725876907
1784473157
1969023214
2868676035
6237644965
7729867859
7740649452
7719208930
2431328567
5134019497
7723373919
5186027114
5178772029
5908678595
5245132954
2850809427
1934183965
2316928100
2882617115
2045197353
7276483577
6159353180
5762036471
1985393563
5578381471
2685402452
7433207980
7493668674
2803301701
3506400592
6648493677
7492665790
2283480632
2892492275
2656274875
5623715908
5574029246
7152678733
5973712981
1638782947
7375265172
7359390693
1645823934
2030928657
6485156633
5773725507
2446367277
6526776361
3623353053
1642909335
6329048632
6150906493
3587960280
5651839712
5468610154
2325670305
2813700891
5751949769
5581785513
5556623692
3516653173
7012801036
2989507134
5136362277
6231203822
5738882579
5189707911
2715025067
5743923782
5878659096
1453372141
3135753251
2630631161
5189707911
5867683914
5616975989
5541620700
6150906493
7492665790
7375674945
5889369078
3774984303
1804304142
7246011413
5582783675
1415051241
7681844114
5850825711
2200442342
7729894495
1910131417
5061298565
2813700891
7162087651
2023598485
7620590826
6561449646
5187523601
6977420999
5277418762
6670292864
1738388733
1881755480
3264020694
5396844627
6415655637
6244819573
6584189080
1697599753
5623715908
5327988911
2882617115
1815661734
7559664049
3205299370
6376268244
5949442020
3699438281
7361010492
6452703537
1130092964
7455361612
5699762910
7336326349
2404739894
1745806792
6467763041
2398701473
5197132241
6769515032
7350961183
2399144047
3956985879
7616842388
2420865322
5858091679
3950729702
1852302030
3415092062
2100495585
7379117520
1452108503
5625820574
7206077089
5243155563
2254062050
3925667625
7454984378
5063042190
2082340681
1101081622
1771341212
5461526291
2091842707
2881891762
3526938084
1764680870
6165754245
5622678600
7600203348
6479079471
6714129008
3825061905
3255945932
6016127612
1838171130
7514922075
2608298911
5377965992
7745089332
5614978797
3831637459
5406623171
1905856514
7729378111
5430994286
1729296397
7641434313
6012718345
7747928670
6989765496
1852202120
5734386738
6326186095
1778704881
6105501776
7047226420
6099003765
1310358274
2244366781
6795284796
7385737251
1782716235
2503352994
1415661937
7378159901
2174740170
7483273564
5652064524
6152364993
5580756992
7502402478
2125458413
3885174720
7404971801
5875276849
3153747400
6159455465
7303066291
3162577120
3300601692
6524093888
5523533122
2932185514
7579562933
1985698157
7326183686
6516576660
5859461751
5186027114
5136362277
7719208930
6329048632
5762454887
5878831544
7326650541
7650199880
1750309334
2850809427
5182575519
5879458357
5743923782
2735327001
2715025067
1638782947
5578381471
3587960280
7876829754
